-0.1913341379887709,-1.4447787635891338,0.0,1.0
-0.1882480219531899,-1.45165839657158,0.0,1.0
-0.18362588607368863,-1.4619606793598015,0.0,1.0
-0.17764193414516796,-1.4752985506541683,0.0,1.0
-0.17047036996252907,-1.491284949155053,0.0,1.0
-0.16228539732067288,-1.5095328135628256,0.0,1.0
-0.1532612200219517,-1.5296550825562771,0.0,1.0
-0.1435730302453244,-1.5512618320509022,0.0,1.0
-0.13339974354649786,-1.573952353463442,0.0,1.0
-0.12292115171067522,-1.5973233999359273,0.0,1.0
-0.11230108942128321,-1.6210042802980915,0.0,1.0
-0.10164505123469433,-1.6447433289385338,0.0,1.0
-0.09104520142147478,-1.6683160764850187,0.0,1.0
-0.08057267486312397,-1.6915371416024139,0.0,1.0
-0.07022398514040827,-1.7143598440924874,0.0,1.0
-0.05997909985346772,-1.736768257668118,0.0,1.0
-0.04979918122287902,-1.7587752727965977,0.0,1.0
-0.039580621898448694,-1.7804930307371614,0.0,1.0
-0.029205878969487748,-1.802055025423674,0.0,1.0
-0.018548251997569543,-1.8235992688338902,0.0,1.0
-0.007450424083152014,-1.8452788781703646,0.0,1.0
0.004251311698833596,-1.867250118274018,0.0,1.0
0.016717681624801778,-1.8896499290986648,0.0,1.0
0.03009973777717689,-1.9125525284431877,0.0,1.0
0.044546567752686235,-1.9360194186894197,0.0,1.0
0.06019445492695606,-1.9600812309340399,0.0,1.0
0.07713933416472415,-1.9846713150431632,0.0,1.0
0.09546920291680544,-2.0097038920483263,0.0,1.0
0.11525499686022352,-2.035067043949728,0.0,1.0
0.13651544632536533,-2.060568872951306,0.0,1.0
0.15925932005797433,-2.0860022297405334,0.0,1.0
0.18348076737676453,-2.111150653495424,0.0,1.0
0.20913049796158226,-2.135770015510193,0.0,1.0
0.23615118229975124,-2.1596110798833763,0.0,1.0
0.26447743369588633,-2.1824329729912173,0.0,1.0
0.29402061375604754,-2.2040189533622874,0.0,1.0
0.3246879137095227,-2.2241566302450866,0.0,1.0
0.3563857709041454,-2.242652539412617,0.0,1.0
0.38901850947976174,-2.2593662696511494,0.0,1.0
0.42249009160452006,-2.2741666660077597,0.0,1.0
0.456708077921182,-2.2869424194803556,0.0,1.0
0.4915898280003953,-2.297636263143518,0.0,1.0
0.5270543602165534,-2.3062000699148992,0.0,1.0
0.563024167966314,-2.312600254375651,0.0,1.0
0.5994309383951586,-2.316841703494019,0.0,1.0
0.636207861169067,-2.3189356133184518,0.0,1.0
0.6732878981099645,-2.318901871881331,0.0,1.0
0.7106034253035214,-2.316782712367542,0.0,1.0
0.7480867125089371,-2.312623920905246,0.0,1.0
0.7856649390376844,-2.3064756996760702,0.0,1.0
0.8232525666247087,-2.298399283584283,0.0,1.0
0.8607620807677705,-2.288457610498401,0.0,1.0
0.8980986299746834,-2.276716294329125,0.0,1.0
0.9351495469754834,-2.2632474469888173,0.0,1.0
0.9717994939214432,-2.2481241521343427,0.0,1.0
1.007927944154161,-2.231420746169825,0.0,1.0
1.0434021235197004,-2.2132145224427773,0.0,1.0
1.0780874976569885,-2.19358319877553,0.0,1.0
1.1118510137818833,-2.1726040153211925,0.0,1.0
1.1445630188848532,-2.150353116125306,0.0,1.0
1.1760943820114176,-2.1269064812233767,0.0,1.0
1.2063259539780042,-2.1023377848362856,0.0,1.0
1.235160856250285,-2.076715556607951,0.0,1.0
1.262505313344925,-2.0501076102035647,0.0,1.0
1.288282347340626,-2.0225780352095386,0.0,1.0
1.3124514240637761,-1.9941828415048202,0.0,1.0
1.3349768989395527,-1.9649769609654193,0.0,1.0
1.3558422567014887,-1.935012090026652,0.0,1.0
1.3750713446415384,-1.904333098391709,0.0,1.0
1.3926932376540628,-1.8729839716473675,0.0,1.0
1.4087531397475046,-1.8410059756481232,0.0,1.0
1.4233293560435403,-1.8084347946544719,0.0,1.0
1.4365043215844646,-1.775305419004696,0.0,1.0
1.4483693959449486,-1.7416516656836676,0.0,1.0
1.4590337550613888,-1.7075050092690813,0.0,1.0
1.4686086918989771,-1.6728966412857456,0.0,1.0
1.4772056078631604,-1.6378571683163585,0.0,1.0
1.4849361149664937,-1.6024160608990334,0.0,1.0
1.491911781972888,-1.5666026538266205,0.0,1.0
1.4982367711974163,-1.530445708559694,0.0,1.0
1.5040012494840296,-1.4939729031711666,0.0,1.0
1.5092937179780956,-1.457211786061842,0.0,1.0
1.5141916008279221,-1.420188975054399,0.0,1.0
1.518751954616542,-1.3829293768930877,0.0,1.0
1.5230295364448645,-1.3454577017555036,0.0,1.0
1.5270688778602444,-1.3077974907243342,0.0,1.0
1.5308962131309818,-1.269970192941167,0.0,1.0
1.5345358035035443,-1.231997022410907,0.0,1.0
1.5380057296042526,-1.1938976833118253,0.0,1.0
1.541313308503767,-1.155689250457727,0.0,1.0
1.544464760225793,-1.1173885134464816,0.0,1.0
1.5474649499307118,-1.0790105982065679,0.0,1.0
1.5503164461915246,-1.040567810631367,0.0,1.0
1.55302162079395,-1.0020721586729844,0.0,1.0
1.5555846801214133,-0.9635338796136388,0.0,1.0
1.5580128576809993,-0.9249602890940936,0.0,1.0
1.5603137070198136,-0.8863584047315346,0.0,1.0
1.5624972272647655,-0.8477336028915711,0.0,1.0
1.5645773458847714,-0.8090886235925945,0.0,1.0
1.5665683623550126,-0.770425947988876,0.0,1.0
1.5684856494937052,-0.7317467709767385,0.0,1.0
1.570346258685976,-0.6930502759147545,0.0,1.0
1.5721673696051994,-0.6543354505194804,0.0,1.0
1.5739651401027208,-0.6156001092714047,0.0,1.0
1.575754172133174,-0.5768402802008503,0.0,1.0
1.5775488903872468,-0.5380518160998085,0.0,1.0
1.5793612299506392,-0.4992292216439669,0.0,1.0
1.5811994346695875,-0.46036500270995395,0.0,1.0
1.5830713916760915,-0.4214514768260014,0.0,1.0
1.5849820927779932,-0.38247963388242556,0.0,1.0
1.5869323495136765,-0.3434385469257181,0.0,1.0
1.5889225957041684,-0.3043171288676713,0.0,1.0
1.590950842491656,-0.2651037927264247,0.0,1.0
1.5930116946202384,-0.2257862486466067,0.0,1.0
1.595099465673119,-0.1863521886180823,0.0,1.0
1.5972069144802183,-0.14679082402356672,0.0,1.0
1.5993246708561717,-0.10709344683993689,0.0,1.0
1.601443197035958,-0.06725159032626689,0.0,1.0
1.6035523882416833,-0.027260541180252326,0.0,1.0
1.6056413834699326,0.01287940793634308,0.0,1.0
1.607699279189758,0.053167498663326276,0.0,1.0
1.6097155621402126,0.0935983960960904,0.0,1.0
1.611680226034889,0.1341608202369639,0.0,1.0
1.6135833257004077,0.17484300836496317,0.0,1.0
1.6154159146072846,0.2156300657880873,0.0,1.0
1.6171703098379815,0.2565031348441298,0.0,1.0
1.618838930021297,0.29744310450289074,0.0,1.0
1.6204149005857107,0.33843090272066323,0.0,1.0
1.6218922181220778,0.37944750550634554,0.0,1.0
1.6232649052414163,0.4204739769427373,0.0,1.0
1.6245260764563785,0.46149417097176293,0.0,1.0
1.6256677559670705,0.5024952911927466,0.0,1.0
1.626681766844021,0.5434648343962638,0.0,1.0
1.6275556902452029,0.5843932457663472,0.0,1.0
1.6282721458755103,0.6252744190059721,0.0,1.0
1.6288132069296528,0.666102447294504,0.0,1.0
1.629153144072838,0.7068715338212118,0.0,1.0
1.6292573375269606,0.7475760071240504,0.0,1.0
1.6290903289293173,0.7882100488036317,0.0,1.0
1.628606730962377,0.8287635394168672,0.0,1.0
1.6277501347717132,0.8692215851901732,0.0,1.0
1.626463245270616,0.9095687574576857,0.0,1.0
1.6246804689503545,0.9497820170973562,0.0,1.0
1.6223272381668408,0.9898300948364253,0.0,1.0
1.6193284223305335,1.029681006648072,0.0,1.0
1.615605966677125,1.0692950626499638,0.0,1.0
1.6110787356332377,1.1086244543377606,0.0,1.0
1.6056656443615709,1.147620791105357,0.0,1.0
1.599290373805379,1.186230978158799,0.0,1.0
1.5918814966526835,1.2243970921800196,0.0,1.0
1.5833682946020249,1.2620609940639511,0.0,1.0
1.5736912320049259,1.2991646399635397,0.0,1.0
1.5628019558658928,1.3356500812897443,0.0,1.0
1.5506532320348554,1.371459569190183,0.0,1.0
1.537211716014224,1.4065396490924402,0.0,1.0
1.5224575952952655,1.4408410501247908,0.0,1.0
1.5063722005882605,1.4743149918880731,0.0,1.0
1.4889490731620016,1.5069193432967216,0.0,1.0
1.4701933440353079,1.538618284514762,0.0,1.0
1.450111010966964,1.5693766220542718,0.0,1.0
1.4287162728156697,1.5991667244351364,0.0,1.0
1.4060309120329102,1.6279679527987785,0.0,1.0
1.3820772455216772,1.6557603269267616,0.0,1.0
1.3568823754427783,1.6825314620795755,0.0,1.0
1.330477714844795,1.7082758160450142,0.0,1.0
1.302895026731153,1.7329885271834058,0.0,1.0
1.2741696742404,1.7566727478870645,0.0,1.0
1.2443401801016154,1.7793386639119737,0.0,1.0
1.213445455368088,1.8009971808720735,0.0,1.0
1.181529362680192,1.821667679874559,0.0,1.0
1.1486399981556918,1.8413767883515777,0.0,1.0
1.1148259771395141,1.8601518408064028,0.0,1.0
1.0801423846274911,1.8780281759755622,0.0,1.0
1.044649694051483,1.8950477991529375,0.0,1.0
1.0084089674283048,1.9112532757705782,0.0,1.0
0.9714881454340442,1.9266929563606778,0.0,1.0
0.9339607496035462,1.941419885077479,0.0,1.0
0.8959006297926461,1.955487230658338,0.0,1.0
0.8573842401796479,1.9689479923205455,0.0,1.0
0.8184900931623413,1.9818550353081619,0.0,1.0
0.7792964620349271,1.9942606564225318,0.0,1.0
0.7398772026177166,2.0062087015402152,0.0,1.0
0.7003027701508666,2.017736510999141,0.0,1.0
0.6606426571089621,2.0288800333170327,0.0,1.0
0.6209537640003843,2.0396576016670087,0.0,1.0
0.5812835499608527,2.05007434135375,0.0,1.0
0.5416779229420021,2.060133342741957,0.0,1.0
0.5021644897268923,2.0698139632233414,0.0,1.0
0.4627574923275038,2.0790782287416363,0.0,1.0
0.4234694576021081,2.0878859718007794,0.0,1.0
0.38429412253630835,2.0961730680702857,0.0,1.0
0.345211860490631,2.1038583547778016,0.0,1.0
0.3062016860019654,2.1108589867478824,0.0,1.0
0.2672288501346976,2.1170752128938135,0.0,1.0
0.228249071143242,2.1223955728135544,0.0,1.0
0.18921761673853418,2.126708109678973,0.0,1.0
0.1500865471393044,2.1298976310156386,0.0,1.0
0.11080575922899333,2.1318467620249315,0.0,1.0
0.0713260640470806,2.1324392256921367,0.0,1.0
0.031609643644341545,2.13157230740823,0.0,1.0
-0.008373852112767427,2.1291521995596363,0.0,1.0
-0.04865231920996961,2.1250877009363687,0.0,1.0
-0.08922696557425727,2.119315758228803,0.0,1.0
-0.13008193371702428,2.1117913170242293,0.0,1.0
-0.17119771905481324,2.102472730131159,0.0,1.0
-0.21251748349140134,2.091352857800562,0.0,1.0
-0.2539611470425855,2.078446042808157,0.0,1.0
-0.2954448024253702,2.0637696724608308,0.0,1.0
-0.3368473715328283,2.047370218922343,0.0,1.0
-0.3780252487646017,2.0293117813244033,0.0,1.0
-0.4188322903867981,2.009660056446932,0.0,1.0
-0.4590994043371432,1.9884946881334402,0.0,1.0
-0.4986439602709603,1.9659035482465994,0.0,1.0
-0.5372833025602113,1.941974315142509,0.0,1.0
-0.5748362681355648,1.9167916774856426,0.0,1.0
-0.6111225509807572,1.8904386072077417,0.0,1.0
-0.645964679386441,1.862996695178325,0.0,1.0
-0.679212385940417,1.8345344254761118,0.0,1.0
-0.7107306065291085,1.80511295736443,0.0,1.0
-0.7403892186693445,1.7747920127177843,0.0,1.0
-0.7681025588901558,1.743618676684091,0.0,1.0
-0.7938091429653984,1.7116331618675253,0.0,1.0
-0.8174531139530984,1.678875026390484,0.0,1.0
-0.8390270873179432,1.6453785559821223,0.0,1.0
-0.8585493302798842,1.6111752462039433,0.0,1.0
-0.8760429626209831,1.5762967917524757,0.0,1.0
-0.8915713062440758,1.5407768416834449,0.0,1.0
-0.9052183828673763,1.5046500513396528,0.0,1.0
-0.9170712785334619,1.4679515953652782,0.0,1.0
-0.9272414384463235,1.4307209505417275,0.0,1.0
-0.9358525097470265,1.3929997486674384,0.0,1.0
-0.9430289525387567,1.3548298925086824,0.0,1.0
-0.9489011073993349,1.3162553611552597,0.0,1.0
-0.9536021802738461,1.277321145423034,0.0,1.0
-0.9572639784844582,1.2380720722494836,0.0,1.0
-0.9600071304126259,1.1985516229381923,0.0,1.0
-0.9619469663265929,1.1588026410471,0.0,1.0
-0.9631957995254928,1.1188674620121064,0.0,1.0
-0.9638431587314135,1.0787845721921652,0.0,1.0
-0.963968070855548,1.0385906838392043,0.0,1.0
-0.9636458864790154,0.9983219306339546,0.0,1.0
-0.9629252002106867,0.958010240261202,0.0,1.0
-0.9618426145534786,0.9176856552659022,0.0,1.0
-0.9604315657667214,0.8773775328896389,0.0,1.0
-0.9587032314959548,0.8371103887214763,0.0,1.0
-0.9566590893764336,0.7969066284221755,0.0,1.0
-0.9542987516446204,0.7567878385527365,0.0,1.0
-0.9516091744534094,0.7167699867024175,0.0,1.0
-0.948571952042423,0.6768666599105229,0.0,1.0
-0.9451682697041603,0.6370904858590966,0.0,1.0
-0.9413766950744733,0.5974477047288195,0.0,1.0
-0.9371747177716965,0.5579419261650185,0.0,1.0
-0.932540030029411,0.5185757500466941,0.0,1.0
-0.9274516649657726,0.4793452555449027,0.0,1.0
-0.9218891924130528,0.44024391179545963,0.0,1.0
-0.9158321960337655,0.40126405579994723,0.0,1.0
-0.9092603377778441,0.3623909244759674,0.0,1.0
-0.9021533100480468,0.32360699289754563,0.0,1.0
-0.8944900305719236,0.28489342096353243,0.0,1.0
-0.8862446781209827,0.2462233617244134,0.0,1.0
-0.8773896402520627,0.20756694182905389,0.0,1.0
-0.8678960483131045,0.16889209649931422,0.0,1.0
-0.8577276036428831,0.13015379839194915,0.0,1.0
-0.8468452790470461,0.0913022599019795,0.0,1.0
-0.8352095167418743,0.05228466318316665,0.0,1.0
-0.8227777318426496,0.013030807014635229,0.0,1.0
-0.8095062595542455,-0.02653571129818108,0.0,1.0
-0.7953529165206762,-0.06649428398507022,0.0,1.0
-0.78028378835541,-0.10694093223783288,0.0,1.0
-0.7642678260366776,-0.14797743951913725,0.0,1.0
-0.7472778627559392,-0.18970674719075714,0.0,1.0
-0.729307714596658,-0.23223802898439708,0.0,1.0
-0.7103582593459975,-0.2756825561095444,0.0,1.0
-0.6904359581384103,-0.3201480785444119,0.0,1.0
-0.6695765370482536,-0.3657238639433244,0.0,1.0
-0.6478252865301031,-0.4124931395595819,0.0,1.0
-0.625233126705584,-0.4605290219678028,0.0,1.0
-0.6018796024478057,-0.5098531867437587,0.0,1.0
-0.5778533424260063,-0.5604709851452127,0.0,1.0
-0.5532474633349526,-0.6123710735947369,0.0,1.0
-0.5281772238847925,-0.6654597081661004,0.0,1.0
-0.5027647048080999,-0.7196177571344594,0.0,1.0
-0.4771352018927965,-0.774705409933325,0.0,1.0
-0.45142940401246817,-0.8304838247273867,0.0,1.0
-0.42579260418512754,-0.8866845389623514,0.0,1.0
-0.40037277284368816,-0.9430191018406183,0.0,1.0
-0.3753303220856919,-0.9991061752977509,0.0,1.0
-0.3508292763566242,-1.0545374521186965,0.0,1.0
-0.3270355519038039,-1.1088922699891879,0.0,1.0
-0.30412359616579704,-1.161694252196563,0.0,1.0
-0.28227026079736767,-1.212451320884532,0.0,1.0
-0.26165306865901533,-1.2606687310230464,0.0,1.0
-0.2424524798146447,-1.3058400675326978,0.0,1.0
-0.22484975770751614,-1.3474557233601332,0.0,1.0
-0.20901912019104277,-1.3850281066352128,0.0,1.0
-0.19510485955782697,-1.418163133231267,0.0,1.0
-0.18324332431013005,-1.446491540809064,0.0,1.0
-0.17357086289032647,-1.4696440672165,0.0,1.0
-0.16622382374079092,-1.4872514503014704,0.0,1.0
-0.161338555303898,-1.4989444279118707,0.0,1.0
